1870   1    0.224
1870   2    0.206
1870   3    0.481
1870   4    0.978
1870   5    0.683
1870   6    0.424
1870   7    0.819
1870   8    0.707
1870   9    0.187
1870  10    0.075
1870  11   -0.498
1870  12   -0.773
1871   1   -0.584
1871   2   -1.304
1871   3   -1.685
1871   4   -1.344
1871   5   -1.290
1871   6   -0.640
1871   7   -0.572
1871   8   -0.802
1871   9    0.278
1871  10    0.633
1871  11    0.913
1871  12    0.622
1872   1    0.546
1872   2    0.732
1872   3    0.519
1872   4    0.507
1872   5   -0.004
1872   6   -0.425
1872   7   -0.796
1872   8   -0.216
1872   9   -0.522
1872  10   -1.027
1872  11   -0.688
1872  12   -0.935
1873   1   -0.413
1873   2   -0.630
1873   3   -0.756
1873   4   -0.220
1873   5    0.503
1873   6    0.676
1873   7    0.737
1873   8    0.498
1873   9   -0.026
1873  10   -0.094
1873  11   -0.204
1873  12    0.041
1874   1   -0.035
1874   2   -0.815
1874   3   -0.561
1874   4   -0.456
1874   5   -0.495
1874   6   -0.083
1874   7    0.234
1874   8    0.427
1874   9    0.210
1874  10    0.159
1874  11    0.345
1874  12    0.773
1875   1    0.482
1875   2    0.299
1875   3   -0.213
1875   4   -0.566
1875   5   -0.142
1875   6    0.248
1875   7   -0.160
1875   8   -0.024
1875   9   -0.096
1875  10   -0.310
1875  11    0.043
1875  12    0.620
1876   1    0.411
1876   2    0.997
1876   3   -0.080
1876   4    0.348
1876   5    0.449
1876   6    0.215
1876   7   -0.074
1876   8   -0.982
1876   9   -1.243
1876  10   -0.827
1876  11   -0.264
1876  12   -0.536
1877   1   -0.707
1877   2   -0.586
1877   3    0.328
1877   4    0.882
1877   5    0.802
1877   6    0.863
1877   7    0.806
1877   8    1.094
1877   9    0.654
1877  10    0.169
1877  11   -0.370
1877  12   -1.069
1878   1   -0.926
1878   2   -0.783
1878   3   -0.859
1878   4   -0.856
1878   5   -1.134
1878   6   -0.839
1878   7   -0.413
1878   8   -0.352
1878   9   -0.145
1878  10    0.246
1878  11    1.094
1878  12    1.252
1879   1    1.334
1879   2    1.158
1879   3    0.389
1879   4    0.419
1879   5    0.297
1879   6    0.702
1879   7   -0.036
1879   8   -0.475
1879   9   -0.871
1879  10   -1.272
1879  11   -0.709
1879  12   -0.366
1880   1   -0.192
1880   2   -0.363
1880   3    0.486
1880   4    0.263
1880   5    0.898
1880   6    1.674
1880   7    0.893
1880   8    0.438
1880   9    0.389
1880  10   -0.143
1880  11   -0.792
1880  12   -0.874
1881   1   -1.550
1881   2   -1.148
1881   3   -1.206
1881   4   -0.376
1881   5   -0.455
1881   6   -0.175
1881   7    0.409
1881   8    0.331
1881   9    0.629
1881  10    1.259
1881  11    0.424
1881  12    0.540
1882   1    0.604
1882   2    0.666
1882   3    0.045
1882   4   -0.562
1882   5   -0.626
1882   6   -0.509
1882   7   -0.531
1882   8   -0.572
1882   9   -0.996
1882  10   -0.748
1882  11   -0.304
1882  12   -0.258
1883   1    0.688
1883   2    0.948
1883   3    0.577
1883   4    1.094
1883   5    0.765
1883   6    0.947
1883   7    1.139
1883   8    0.210
1883   9    0.063
1883  10   -0.097
1883  11   -0.218
1883  12    0.233
1884   1   -0.193
1884   2   -0.720
1884   3   -0.817
1884   4   -0.823
1884   5   -0.549
1884   6   -0.213
1884   7   -0.194
1884   8    0.125
1884   9    0.250
1884  10    0.896
1884  11    0.803
1884  12    1.736
1885   1    1.541
1885   2    0.937
1885   3    0.368
1885   4    0.443
1885   5   -0.011
1885   6   -0.040
1885   7   -0.522
1885   8   -1.040
1885   9   -1.482
1885  10   -1.792
1885  11   -1.590
1885  12   -0.808
1886   1   -0.457
1886   2   -0.508
1886   3    0.146
1886   4    0.850
1886   5    0.993
1886   6    1.335
1886   7    1.207
1886   8    0.544
1886   9    0.607
1886  10    0.509
1886  11    0.411
1886  12    0.328
1887   1   -0.654
1887   2   -1.149
1887   3   -0.741
1887   4   -0.494
1887   5   -0.316
1887   6    0.968
1887   7    0.743
1887   8    1.089
1887   9    1.427
1887  10    1.413
1887  11    1.016
1887  12    1.117
1888   1    0.251
1888   2   -0.069
1888   3   -0.502
1888   4   -0.758
1888   5   -0.194
1888   6   -1.155
1888   7   -1.036
1888   8   -1.494
1888   9   -1.295
1888  10   -0.457
1888  11   -0.103
1888  12   -0.387
1889   1   -0.085
1889   2    0.623
1889   3    0.830
1889   4    1.226
1889   5    1.109
1889   6    0.613
1889   7    1.290
1889   8    1.090
1889   9   -0.235
1889  10   -0.488
1889  11   -1.075
1889  12   -0.871
1890   1   -1.082
1890   2   -1.191
1890   3   -0.964
1890   4   -0.233
1890   5   -0.374
1890   6   -0.020
1890   7    0.073
1890   8    0.118
1890   9    1.024
1890  10    1.139
1890  11    0.415
1890  12    0.762
1891   1    1.362
1891   2    1.394
1891   3    0.518
1891   4   -0.056
1891   5    0.053
1891   6   -0.353
1891   7   -0.425
1891   8   -0.610
1891   9   -1.365
1891  10   -1.262
1891  11   -2.071
1891  12   -1.753
1892   1   -1.122
1892   2   -1.014
1892   3    0.145
1892   4    0.172
1892   5    0.467
1892   6    1.119
1892   7    1.879
1892   8    1.080
1892   9    1.447
1892  10    0.891
1892  11    0.200
1892  12    0.148
1893   1   -0.161
1893   2   -0.901
1893   3   -0.915
1893   4   -1.226
1893   5   -1.104
1893   6   -0.640
1893   7   -0.021
1893   8   -0.480
1893   9    0.605
1893  10   -0.001
1893  11    0.325
1893  12    0.836
1894   1    0.987
1894   2    0.597
1894   3    0.639
1894   4    0.176
1894   5   -0.024
1894   6    0.166
1894   7   -0.094
1894   8   -0.745
1894   9   -0.545
1894  10   -0.608
1894  11   -0.279
1894  12    0.020
1895   1   -0.283
1895   2   -0.288
1895   3    0.406
1895   4    0.794
1895   5    0.841
1895   6    0.758
1895   7    0.950
1895   8    0.500
1895   9    0.565
1895  10    0.121
1895  11   -0.314
1895  12   -0.144
1896   1   -0.035
1896   2    0.013
1896   3    0.392
1896   4    0.189
1896   5    0.388
1896   6    0.291
1896   7    0.332
1896   8    0.128
1896   9    0.025
1896  10    0.004
1896  11   -0.400
1896  12    0.298
1897   1   -0.181
1897   2   -0.590
1897   3    0.022
1897   4    0.372
1897   5    0.545
1897   6    0.765
1897   7    0.406
1897   8   -0.034
1897   9    0.108
1897  10   -0.251
1897  11   -0.027
1897  12   -0.262
1898   1   -0.703
1898   2   -0.688
1898   3   -0.253
1898   4   -0.338
1898   5   -0.403
1898   6   -0.206
1898   7   -0.027
1898   8   -0.038
1898   9   -0.053
1898  10    0.044
1898  11   -0.406
1898  12   -0.655
1899   1   -0.615
1899   2   -0.435
1899   3   -0.102
1899   4    0.545
1899   5    0.740
1899   6    0.633
1899   7    0.642
1899   8    0.254
1899   9    0.236
1899  10    0.025
1899  11   -0.109
1899  12   -0.630
1900   1   -0.458
1900   2    0.057
1900   3    0.016
1900   4    0.157
1900   5    0.400
1900   6    0.197
1900   7    0.396
1900   8    0.374
1900   9    0.194
1900  10   -0.218
1900  11   -0.259
1900  12   -0.160
1901   1    0.369
1901   2    0.560
1901   3    1.139
1901   4    0.575
1901   5    0.859
1901   6    0.786
1901   7    1.352
1901   8    0.466
1901   9   -0.242
1901  10   -0.876
1901  11   -1.638
1901  12   -1.625
1902   1   -1.624
1902   2   -1.467
1902   3   -0.980
1902   4    0.112
1902   5    0.773
1902   6    0.942
1902   7    0.894
1902   8    1.310
1902   9    0.889
1902  10    1.550
1902  11    1.412
1902  12    0.568
1903   1   -0.457
1903   2   -0.093
1903   3   -0.469
1903   4   -0.141
1903   5   -1.156
1903   6   -1.540
1903   7   -1.329
1903   8   -0.860
1903   9   -0.857
1903  10   -0.335
1903  11   -0.625
1903  12   -0.109
1904   1    0.550
1904   2    1.141
1904   3    1.476
1904   4    1.036
1904   5    0.385
1904   6    0.953
1904   7    0.802
1904   8    0.050
1904   9    0.081
1904  10   -0.502
1904  11   -0.373
1904  12   -0.390
1905   1    0.146
1905   2    0.530
1905   3    0.390
1905   4    0.689
1905   5    0.962
1905   6    1.313
1905   7    0.689
1905   8    0.612
1905   9    0.540
1905  10   -0.437
1905  11   -1.032
1905  12   -1.802
1906   1   -1.739
1906   2   -1.102
1906   3   -0.388
1906   4   -0.366
1906   5    0.499
1906   6    0.250
1906   7    0.172
1906   8    0.631
1906   9    0.888
1906  10    0.690
1906  11   -0.134
1906  12   -0.307
1907   1   -0.723
1907   2   -0.274
1907   3   -0.198
1907   4   -0.702
1907   5   -0.891
1907   6   -0.978
1907   7   -0.679
1907   8   -0.002
1907   9   -0.351
1907  10   -0.103
1907  11   -0.067
1907  12   -0.016
1908   1    0.342
1908   2    0.218
1908   3    0.070
1908   4   -0.157
1908   5    0.656
1908   6    0.522
1908   7    0.100
1908   8   -0.057
1908   9   -0.258
1908  10   -0.382
1908  11   -0.065
1908  12   -0.013
1909   1   -0.328
1909   2   -0.395
1909   3   -0.272
1909   4   -0.832
1909   5   -0.959
1909   6   -0.200
1909   7    0.380
1909   8    0.225
1909   9    0.409
1909  10    0.423
1909  11    1.634
1909  12    1.866
1910   1    1.345
1910   2    0.579
1910   3   -0.111
1910   4   -0.068
1910   5   -0.414
1910   6   -1.379
1910   7   -1.911
1910   8   -2.230
1910   9   -1.163
1910  10   -0.580
1910  11   -0.460
1910  12    0.320
1911   1    0.799
1911   2    1.043
1911   3    2.173
1911   4    2.107
1911   5    1.283
1911   6    1.014
1911   7    0.271
1911   8   -0.647
1911   9   -0.621
1911  10   -0.640
1911  11   -1.751
1911  12   -1.458
1912   1   -1.564
1912   2   -1.276
1912   3   -0.796
1912   4   -0.586
1912   5   -0.144
1912   6    0.214
1912   7    0.715
1912   8    0.972
1912   9    0.974
1912  10    0.586
1912  11    0.389
1912  12    0.605
1913   1    0.600
1913   2   -0.060
1913   3   -0.251
1913   4   -0.179
1913   5   -0.874
1913   6   -0.588
1913   7   -0.931
1913   8   -0.779
1913   9   -0.921
1913  10   -1.305
1913  11   -1.492
1913  12   -0.730
1914   1   -0.193
1914   2   -0.049
1914   3    0.559
1914   4    0.243
1914   5    0.666
1914   6    0.592
1914   7    0.417
1914   8    0.309
1914   9   -0.153
1914  10   -0.532
1914  11   -0.179
1914  12   -0.569
1915   1   -0.288
1915   2   -0.670
1915   3   -0.319
1915   4    0.406
1915   5   -0.326
1915   6   -0.460
1915   7    0.008
1915   8   -0.051
1915   9    0.226
1915  10   -0.017
1915  11   -0.174
1915  12   -0.071
1916   1    0.566
1916   2    0.594
1916   3    0.677
1916   4    0.365
1916   5    0.158
1916   6    0.028
1916   7    0.134
1916   8   -0.332
1916   9   -0.454
1916  10    0.064
1916  11    0.175
1916  12   -0.038
1917   1    0.432
1917   2    0.219
1917   3   -0.333
1917   4   -0.356
1917   5   -0.893
1917   6   -0.840
1917   7   -0.648
1917   8   -0.132
1917   9   -0.161
1917  10   -0.167
1917  11    0.239
1917  12   -0.282
1918   1    0.216
1918   2    0.745
1918   3    0.179
1918   4    0.677
1918   5    0.729
1918   6    0.310
1918   7    0.502
1918   8    1.007
1918   9    0.438
1918  10    0.264
1918  11   -0.250
1918  12   -0.740
1919   1   -0.315
1919   2   -0.624
1919   3   -0.690
1919   4   -0.745
1919   5   -0.425
1919   6   -0.113
1919   7    0.487
1919   8    0.208
1919   9    0.180
1919  10   -0.053
1919  11    0.016
1919  12    0.293
1920   1    0.573
1920   2    0.020
1920   3    0.346
1920   4    0.757
1920   5    0.772
1920   6    1.221
1920   7    0.456
1920   8   -0.383
1920   9   -1.015
1920  10   -0.425
1920  11   -0.403
1920  12   -0.591
1921   1   -0.718
1921   2   -0.998
1921   3    0.361
1921   4    0.757
1921   5    0.796
1921   6    0.982
1921   7    1.043
1921   8    1.002
1921   9    0.704
1921  10    0.473
1921  11    0.697
1921  12    0.708
1922   1    0.788
1922   2    0.124
1922   3   -0.504
1922   4   -0.580
1922   5   -0.527
1922   6   -0.253
1922   7   -1.080
1922   8   -0.612
1922   9   -0.653
1922  10   -0.544
1922  11   -0.606
1922  12   -0.845
1923   1   -0.195
1923   2    0.344
1923   3    0.120
1923   4   -0.048
1923   5    0.087
1923   6    0.861
1923   7    0.788
1923   8    0.037
1923   9   -0.279
1923  10   -0.433
1923  11   -1.300
1923  12   -0.980
1924   1   -1.049
1924   2   -0.709
1924   3    0.210
1924   4    0.736
1924   5    0.651
1924   6    0.551
1924   7    1.604
1924   8    1.421
1924   9    1.162
1924  10    0.671
1924  11    0.259
1924  12   -0.084
1925   1   -0.407
1925   2   -0.970
1925   3   -1.118
1925   4   -1.321
1925   5   -1.379
1925   6   -1.035
1925   7   -0.864
1925   8   -0.053
1925   9   -0.728
1925  10    0.148
1925  11    0.960
1925  12    0.459
1926   1    0.635
1926   2    0.730
1926   3    0.166
1926   4    0.193
1926   5   -0.246
1926   6    0.093
1926   7    0.187
1926   8    0.276
1926   9    0.104
1926  10   -0.462
1926  11   -0.646
1926  12   -0.221
1927   1   -0.576
1927   2   -0.158
1927   3   -0.199
1927   4   -0.230
1927   5    0.288
1927   6    0.597
1927   7    0.345
1927   8    0.779
1927   9    0.151
1927  10    0.312
1927  11    0.472
1927  12    0.142
1928   1    0.062
1928   2   -0.426
1928   3   -0.167
1928   4   -0.156
1928   5   -0.359
1928   6   -0.066
1928   7   -0.396
1928   8   -0.897
1928   9   -1.154
1928  10   -0.651
1928  11   -0.926
1928  12    0.061
1929   1   -0.610
1929   2    0.366
1929   3    0.762
1929   4    1.019
1929   5    0.830
1929   6    1.075
1929   7    0.697
1929   8    1.029
1929   9    0.562
1929  10    0.117
1929  11   -0.446
1929  12   -0.643
1930   1   -0.696
1930   2   -1.271
1930   3   -1.644
1930   4   -0.994
1930   5   -0.657
1930   6   -0.395
1930   7   -0.114
1930   8    0.193
1930   9    0.301
1930  10    0.441
1930  11    0.696
1930  12    0.403
1931   1    0.632
1931   2   -0.001
1931   3    0.392
1931   4    0.440
1931   5    0.313
1931   6    0.335
1931   7    0.642
1931   8    0.524
1931   9   -0.354
1931  10   -0.937
1931  11   -1.109
1931  12   -0.905
1932   1   -0.550
1932   2   -0.801
1932   3   -0.608
1932   4   -0.506
1932   5   -0.213
1932   6   -0.264
1932   7   -0.254
1932   8   -0.557
1932   9   -0.576
1932  10    0.067
1932  11   -0.155
1932  12    0.880
1933   1    0.961
1933   2    0.943
1933   3    0.685
1933   4    1.041
1933   5    0.583
1933   6    0.530
1933   7    0.933
1933   8    0.227
1933   9    0.142
1933  10   -0.466
1933  11   -0.774
1933  12   -0.156
1934   1   -0.472
1934   2    0.043
1934   3    0.300
1934   4    0.065
1934   5    0.483
1934   6    0.971
1934   7    0.932
1934   8    0.212
1934   9   -0.211
1934  10   -0.436
1934  11   -0.424
1934  12   -0.268
1935   1   -0.429
1935   2   -1.027
1935   3   -0.590
1935   4   -0.064
1935   5    0.350
1935   6    0.789
1935   7    0.918
1935   8    0.897
1935   9    0.893
1935  10    0.194
1935  11    0.268
1935  12    0.151
1936   1   -0.018
1936   2   -0.695
1936   3   -1.107
1936   4   -0.660
1936   5   -0.521
1936   6   -0.243
1936   7   -0.275
1936   8   -0.276
1936   9    0.265
1936  10    0.319
1936  11    0.453
1936  12    0.359
1937   1    0.251
1937   2    0.263
1937   3    0.471
1937   4    0.177
1937   5    0.511
1937   6   -0.091
1937   7   -0.309
1937   8   -0.560
1937   9   -0.102
1937  10   -0.259
1937  11    0.055
1937  12   -0.657
1938   1   -0.312
1938   2    0.273
1938   3    0.529
1938   4    0.889
1938   5    0.612
1938   6    0.929
1938   7    1.665
1938   8    1.052
1938   9    0.414
1938  10    0.546
1938  11    0.598
1938  12    0.047
1939   1   -0.387
1939   2   -0.884
1939   3   -1.388
1939   4   -1.367
1939   5   -1.467
1939   6   -1.515
1939   7   -1.145
1939   8   -0.698
1939   9    0.235
1939  10    0.226
1939  11    0.942
1939  12    1.128
1940   1    1.381
1940   2    1.707
1940   3    1.132
1940   4    0.958
1940   5    0.730
1940   6    0.383
1940   7   -0.058
1940   8    0.246
1940   9   -0.736
1940  10   -1.213
1940  11   -1.477
1940  12   -1.494
1941   1   -1.361
1941   2   -0.447
1941   3    0.178
1941   4    0.278
1941   5    0.391
1941   6    0.974
1941   7    0.992
1941   8    1.335
1941   9    1.081
1941  10    0.106
1941  11    0.474
1941  12    0.845
1942   1    0.116
1942   2   -0.309
1942   3   -0.498
1942   4   -0.546
1942   5   -0.163
1942   6    0.415
1942   7   -0.098
1942   8   -0.480
1942   9   -0.832
1942  10   -0.781
1942  11   -0.447
1942  12    0.352
1943   1   -0.013
1943   2    0.189
1943   3    0.404
1943   4    1.096
1943   5    2.003
1943   6    1.312
1943   7    0.594
1943   8    0.725
1943   9    0.609
1943  10    0.870
1943  11    0.411
1943  12   -0.520
1944   1   -0.590
1944   2   -0.172
1944   3    0.005
1944   4    0.055
1944   5    0.160
1944   6    0.385
1944   7    0.904
1944   8    1.010
1944   9    0.638
1944  10    0.437
1944  11    0.679
1944  12    0.161
1945   1    0.165
1945   2   -0.244
1945   3   -0.426
1945   4   -0.007
1945   5   -0.041
1945   6   -0.252
1945   7   -0.771
1945   8   -0.453
1945   9   -0.126
1945  10    0.725
1945  11    0.381
1945  12    0.376
1946   1    0.506
1946   2    1.286
1946   3    1.147
1946   4    1.058
1946   5    0.779
1946   6    0.507
1946   7    0.040
1946   8   -0.166
1946   9   -0.299
1946  10   -1.071
1946  11   -1.152
1946  12   -1.352
1947   1   -0.673
1947   2   -0.959
1947   3   -0.739
1947   4   -0.223
1947   5    0.805
1947   6    0.974
1947   7    0.941
1947   8    1.496
1947   9    0.784
1947  10   -0.019
1947  11    0.168
1947  12   -0.332
1948   1   -0.896
1948   2   -0.653
1948   3   -0.822
1948   4   -0.991
1948   5   -1.115
1948   6   -0.562
1948   7   -0.124
1948   8    0.099
1948   9    0.849
1948  10    0.451
1948  11    0.099
1948  12    0.223
1949   1    0.398
1949   2    0.512
1949   3    0.362
1949   4    0.183
1949   5   -0.408
1949   6    0.165
1949   7   -0.033
1949   8    0.141
1949   9   -0.054
1949  10   -0.094
1949  11    0.015
1949  12    0.311
1950   1    0.449
1950   2    0.899
1950   3    0.779
1950   4    0.928
1950   5    0.732
1950   6    1.040
1950   7    0.362
1950   8    0.657
1950   9    0.058
1950  10   -0.816
1950  11   -0.931
1950  12   -1.177
1951   1   -0.870
1951   2   -0.908
1951   3   -0.952
1951   4   -1.292
1951   5   -0.748
1951   6   -1.075
1951   7   -0.974
1951   8   -0.228
1951   9    0.322
1951  10    0.636
1951  11    0.536
1951  12    0.644
1952   1    0.903
1952   2    0.684
1952   3    1.213
1952   4    1.155
1952   5    0.585
1952   6    0.257
1952   7   -0.010
1952   8   -1.125
1952   9   -1.241
1952  10   -1.642
1952  11   -1.948
1952  12   -1.616
1953   1   -0.539
1953   2   -0.086
1953   3    0.229
1953   4    0.893
1953   5    1.770
1953   6    2.222
1953   7    1.984
1953   8    1.207
1953   9    1.045
1953  10    0.732
1953  11    0.492
1953  12   -0.031
1954   1   -0.383
1954   2   -1.081
1954   3   -0.647
1954   4   -0.690
1954   5    0.009
1954   6   -0.406
1954   7    0.265
1954   8    0.315
1954   9    0.286
1954  10    0.185
1954  11    0.218
1954  12    0.308
1955   1    0.606
1955   2    0.243
1955   3    0.163
1955   4    0.859
1955   5    1.221
1955   6    0.956
1955   7    0.555
1955   8    0.156
1955   9    0.147
1955  10   -0.392
1955  11   -0.733
1955  12   -1.553
1956   1   -1.235
1956   2   -0.770
1956   3   -0.692
1956   4    0.074
1956   5   -0.186
1956   6   -0.396
1956   7    0.277
1956   8    0.919
1956   9    1.433
1956  10    1.011
1956  11    1.039
1956  12    0.809
1957   1    0.724
1957   2    0.834
1957   3    0.621
1957   4   -0.506
1957   5   -0.164
1957   6   -0.003
1957   7   -0.554
1957   8   -0.614
1957   9   -0.675
1957  10   -0.713
1957  11   -0.593
1957  12   -0.618
1958   1   -0.417
1958   2    0.380
1958   3    0.789
1958   4    0.775
1958   5    1.141
1958   6    0.037
1958   7    0.596
1958   8   -0.107
1958   9   -0.440
1958  10   -1.083
1958  11   -1.561
1958  12   -1.088
1959   1   -0.917
1959   2   -0.673
1959   3   -0.378
1959   4    0.125
1959   5    0.550
1959   6    0.506
1959   7    1.057
1959   8    0.830
1959   9    0.202
1959  10    0.047
1959  11    0.467
1959  12    0.453
1960   1    0.089
1960   2   -0.339
1960   3   -0.557
1960   4    0.329
1960   5    0.413
1960   6    0.295
1960   7    0.373
1960   8    0.245
1960   9    0.111
1960  10    0.123
1960  11   -0.098
1960  12   -0.231
1961   1    0.028
1961   2   -0.005
1961   3    0.267
1961   4    0.220
1961   5    0.199
1961   6   -0.516
1961   7   -0.033
1961   8    0.000
1961   9    0.251
1961  10   -1.006
1961  11   -0.130
1961  12   -0.216
1962   1    0.457
1962   2    0.075
1962   3    0.370
1962   4   -0.093
1962   5    0.114
1962   6    0.801
1962   7    0.549
1962   8    0.238
1962   9    0.357
1962  10    0.224
1962  11    0.203
1962  12    0.240
1963   1    0.791
1963   2    0.457
1963   3    0.428
1963   4    0.649
1963   5    0.840
1963   6    0.962
1963   7    0.794
1963   8   -0.178
1963   9    0.178
1963  10   -0.504
1963  11   -0.547
1963  12   -0.965
1964   1   -1.015
1964   2   -0.816
1964   3   -0.327
1964   4   -0.072
1964   5    0.737
1964   6    0.895
1964   7    0.859
1964   8    1.238
1964   9    1.492
1964  10    0.651
1964  11    0.667
1964  12    0.482
1965   1   -0.008
1965   2    0.261
1965   3   -0.190
1965   4   -0.534
1965   5   -0.636
1965   6   -0.700
1965   7   -1.120
1965   8   -1.400
1965   9   -0.628
1965  10   -0.783
1965  11   -0.788
1965  12   -1.112
1966   1   -0.735
1966   2   -0.528
1966   3    0.772
1966   4    1.230
1966   5    0.968
1966   6    1.772
1966   7    1.901
1966   8    1.345
1966   9    0.170
1966  10    0.573
1966  11   -0.541
1966  12   -1.317
1967   1   -1.155
1967   2   -0.560
1967   3   -0.303
1967   4   -0.002
1967   5    0.056
1967   6    0.530
1967   7    1.071
1967   8    1.195
1967   9    0.994
1967  10    0.724
1967  11    0.222
1967  12    0.048
1968   1   -0.692
1968   2   -0.835
1968   3   -1.279
1968   4   -1.565
1968   5   -1.237
1968   6   -0.481
1968   7   -0.104
1968   8   -0.472
1968   9   -0.506
1968  10    0.313
1968  11    0.388
1968  12    0.645
1969   1    0.889
1969   2    0.437
1969   3    0.628
1969   4    0.263
1969   5   -0.074
1969   6   -0.079
1969   7   -0.893
1969   8   -0.899
1969   9   -0.919
1969  10   -0.787
1969  11   -0.644
1969  12    0.026
1970   1    0.141
1970   2    0.354
1970   3    0.722
1970   4    1.133
1970   5    1.163
1970   6    1.080
1970   7    0.480
1970   8   -0.010
1970   9   -0.722
1970  10   -0.261
1970  11   -1.077
1970  12   -1.432
1971   1   -1.595
1971   2   -0.883
1971   3   -0.649
1971   4    0.295
1971   5    0.127
1971   6    0.570
1971   7    0.582
1971   8    1.655
1971   9    0.944
1971  10    0.940
1971  11    0.757
1971  12    0.660
1972   1    0.275
1972   2    0.043
1972   3   -0.432
1972   4   -0.618
1972   5   -0.400
1972   6    0.210
1972   7   -0.319
1972   8   -0.901
1972   9   -0.807
1972  10    0.373
1972  11    0.163
1972  12    0.836
1973   1    1.179
1973   2    0.856
1973   3    1.244
1973   4    1.833
1973   5    1.039
1973   6    0.628
1973   7   -0.080
1973   8   -0.915
1973   9   -1.298
1973  10   -1.880
1973  11   -1.957
1973  12   -1.951
1974   1   -1.403
1974   2   -1.427
1974   3   -0.476
1974   4    0.478
1974   5    0.366
1974   6    1.089
1974   7    1.854
1974   8    1.244
1974   9    1.879
1974  10    1.503
1974  11    0.596
1974  12    0.295
1975   1    0.085
1975   2   -0.472
1975   3   -0.499
1975   4   -1.265
1975   5   -1.325
1975   6   -1.651
1975   7   -1.340
1975   8   -1.390
1975   9   -1.181
1975  10   -0.332
1975  11    0.526
1975  12    1.069
1976   1    1.023
1976   2    1.190
1976   3    1.870
1976   4    1.821
1976   5    2.223
1976   6    1.401
1976   7    0.639
1976   8   -0.079
1976   9   -0.529
1976  10   -1.188
1976  11   -1.297
1976  12   -1.372
1977   1   -1.693
1977   2   -1.776
1977   3   -1.735
1977   4   -0.747
1977   5   -0.472
1977   6   -0.652
1977   7    0.083
1977   8    1.441
1977   9    1.540
1977  10    1.896
1977  11    1.526
1977  12    1.204
1978   1    1.468
1978   2    0.994
1978   3    0.415
1978   4   -0.030
1978   5   -0.870
1978   6   -0.826
1978   7   -1.141
1978   8   -1.691
1978   9   -1.432
1978  10   -1.561
1978  11   -1.124
1978  12   -0.514
1979   1    0.337
1979   2    0.904
1979   3    1.346
1979   4    1.835
1979   5    2.336
1979   6    2.086
1979   7    1.516
1979   8    0.404
1979   9   -0.488
1979  10   -1.028
1979  11   -1.655
1979  12   -2.033
1980   1   -2.017
1980   2   -1.607
1980   3   -1.188
1980   4   -0.430
1980   5    0.111
1980   6   -0.029
1980   7    0.311
1980   8    0.802
1980   9    0.630
1980  10    1.007
1980  11    1.371
1980  12    1.364
1981   1    0.958
1981   2    1.200
1981   3    0.737
1981   4    0.293
1981   5   -0.298
1981   6   -0.809
1981   7   -1.259
1981   8   -1.267
1981   9   -1.373
1981  10   -1.322
1981  11   -0.945
1981  12   -0.171
1982   1    0.538
1982   2    0.408
1982   3   -0.046
1982   4    0.860
1982   5    0.666
1982   6    0.746
1982   7    0.151
1982   8   -0.792
1982   9   -0.637
1982  10   -0.278
1982  11   -0.761
1982  12   -1.702
1983   1   -1.580
1983   2   -0.935
1983   3   -0.825
1983   4   -0.234
1983   5   -0.033
1983   6    0.444
1983   7    0.919
1983   8    0.799
1983   9    1.235
1983  10    1.036
1983  11    0.777
1983  12    0.258
1984   1   -0.067
1984   2   -0.595
1984   3   -0.682
1984   4   -0.252
1984   5   -0.981
1984   6   -1.554
1984   7   -0.716
1984   8   -0.666
1984   9   -0.619
1984  10    0.056
1984  11   -0.132
1984  12    0.884
1985   1    1.480
1985   2    1.212
1985   3    1.961
1985   4    1.411
1985   5    1.292
1985   6    1.077
1985   7    0.879
1985   8    0.587
1985   9   -0.076
1985  10   -1.094
1985  11   -1.177
1985  12   -1.540
1986   1   -0.704
1986   2   -0.694
1986   3   -0.748
1986   4   -0.374
1986   5   -0.318
1986   6   -0.166
1986   7    0.785
1986   8    0.509
1986   9    0.156
1986  10    0.479
1986  11    0.853
1986  12    0.991
1987   1    1.180
1987   2    0.399
1987   3   -0.277
1987   4    0.350
1987   5    0.031
1987   6   -0.363
1987   7   -0.203
1987   8   -0.457
1987   9   -0.421
1987  10    0.454
1987  11   -0.059
1987  12    0.269
1988   1    0.399
1988   2    0.550
1988   3    1.204
1988   4    1.280
1988   5    0.998
1988   6    1.124
1988   7    0.543
1988   8   -0.116
1988   9   -0.745
1988  10   -1.747
1988  11   -0.982
1988  12   -1.453
1989   1   -1.449
1989   2   -1.226
1989   3   -0.635
1989   4    0.162
1989   5    1.084
1989   6    0.927
1989   7    1.079
1989   8    1.304
1989   9    1.176
1989  10    1.547
1989  11    1.152
1989  12    0.711
1990   1    0.484
1990   2    0.480
1990   3    0.065
1990   4   -0.730
1990   5   -0.892
1990   6   -1.285
1990   7   -1.405
1990   8   -1.049
1990   9   -0.598
1990  10   -0.546
1990  11   -0.093
1990  12    0.838
1991   1    1.201
1991   2    2.355
1991   3    2.170
1991   4    1.103
1991   5    1.305
1991   6    1.100
1991   7    0.907
1991   8    0.394
1991   9   -0.679
1991  10   -1.777
1991  11   -1.730
1991  12   -1.949
1992   1   -1.852
1992   2   -1.287
1992   3   -0.376
1992   4    0.182
1992   5    0.390
1992   6    1.052
1992   7    1.817
1992   8    1.591
1992   9    1.416
1992  10    1.055
1992  11    0.380
1992  12    0.374
1993   1   -0.081
1993   2   -0.463
1993   3   -1.113
1993   4   -1.369
1993   5   -1.042
1993   6   -1.022
1993   7   -0.322
1993   8   -0.439
1993   9   -0.187
1993  10    0.489
1993  11    0.297
1993  12   -0.029
1994   1   -0.148
1994   2    0.530
1994   3    0.455
1994   4    1.387
1994   5    0.668
1994   6    0.456
1994   7    0.840
1994   8    1.285
1994   9    1.357
1994  10    1.145
1994  11    0.652
1994  12    0.457
1995   1    0.504
1995   2   -0.025
1995   3   -0.655
1995   4   -0.875
1995   5   -1.053
1995   6   -1.153
1995   7   -0.801
1995   8   -0.519
1995   9   -0.447
1995  10    0.327
1995  11    0.101
1995  12    0.377
1996   1    0.484
1996   2    0.074
1996   3    0.308
1996   4    0.431
1996   5    0.787
1996   6    0.766
1996   7    0.025
1996   8    0.412
1996   9    0.609
1996  10    0.461
1996  11    0.064
1996  12   -0.563
1997   1   -0.767
1997   2   -0.108
1997   3    0.535
1997   4    0.812
1997   5    0.316
1997   6   -0.178
1997   7    0.063
1997   8   -0.390
1997   9   -0.240
1997  10   -0.505
1997  11   -0.874
1997  12   -1.311
1998   1   -0.646
1998   2   -0.601
1998   3   -0.619
1998   4   -1.294
1998   5   -0.710
1998   6    0.401
1998   7    1.289
1998   8    0.904
1998   9    0.562
1998  10    0.712
1998  11    0.581
1998  12    0.786
1999   1    0.758
1999   2    0.624
1999   3    0.212
1999   4   -0.023
1999   5   -0.524
1999   6   -0.883
1999   7   -1.052
1999   8   -0.989
1999   9   -0.721
1999  10   -0.975
1999  11   -0.233
1999  12   -0.086
2000   1    0.287
2000   2    0.408
2000   3   -0.097
2000   4    0.575
2000   5    1.077
2000   6    0.766
2000   7    0.569
2000   8    0.416
2000   9   -0.479
2000  10   -0.595
2000  11   -0.415
2000  12   -1.126
2001   1   -0.931
2001   2   -1.269
2001   3   -0.794
2001   4   -0.344
2001   5   -0.564
2001   6    0.134
2001   7    0.187
2001   8    0.096
2001   9    0.486
2001  10    0.956
2001  11    0.414
2001  12    0.528
2002   1    0.546
2002   2    0.670
2002   3    0.625
2002   4    0.252
2002   5   -0.386
2002   6   -0.403
2002   7   -0.911
2002   8   -1.968
2002   9   -1.506
2002  10   -1.050
2002  11   -1.729
2002  12   -1.412
2003   1   -0.595
2003   2    0.684
2003   3    1.303
2003   4    1.291
2003   5    1.279
2003   6    2.004
2003   7    1.560
2003   8    0.936
2003   9    0.177
2003  10   -0.743
2003  11   -1.008
2003  12   -0.615
2004   1   -0.995
2004   2   -1.274
2004   3   -1.244
2004   4   -1.417
2004   5   -0.387
2004   6    0.037
2004   7    0.130
2004   8    1.476
2004   9    1.493
2004  10    1.139
2004  11    1.121
2004  12    1.350
2005   1    1.040
2005   2    0.295
2005   3    0.126
2005   4   -0.575
2005   5   -0.121
2005   6   -0.105
2005   7   -0.758
2005   8   -0.562
2005   9   -0.598
2005  10   -0.276
2005  11    0.114
2005  12   -0.168
2006   1   -0.265
2006   2    0.514
2006   3    0.562
2006   4    0.573
2006   5    0.238
2006   6    0.287
2006   7    0.945
2006   8    0.324
2006   9   -0.029
2006  10    0.189
2006  11   -0.137
2006  12   -0.027
2007   1   -0.443
2007   2   -0.425
2007   3   -0.396
2007   4    0.146
2007   5    0.509
2007   6    1.333
2007   7    1.115
2007   8    0.991
2007   9    0.840
2007  10    0.547
2007  11    0.424
2007  12    0.035
2008   1   -0.331
2008   2   -0.090
2008   3   -0.667
2008   4   -0.303
2008   5    0.093
2008   6   -0.120
2008   7   -0.895
2008   8   -0.840
2008   9   -0.233
2008  10   -0.036
2008  11   -0.321
2008  12   -0.449
2009   1    0.051
2009   2    0.630
2009   3    0.778
2009   4    0.614
2009   5    0.381
2009   6    0.074
2009   7    0.728
2009   8    0.321
2009   9    0.346
2009  10    0.432
2009  11    0.407
2009  12    0.020
2010   1    0.180
2010   2   -0.042
2010   3   -0.360
2010   4   -0.190
2010   5   -0.656
2010   6   -0.213
2010   7   -0.379
2010   8   -0.363
2010   9   -0.257
2010  10   -0.244
2010  11    0.039
2010  12    0.093
2011   1    0.499
2011   2    0.120
2011   3    0.361
2011   4    1.125
2011   5    0.601
2011   6    0.195
2011   7    0.244
2011   8   -0.016
2011   9   -0.031
2011  10   -0.065
2011  11   -0.271
2011  12   -0.024
2012   1    0.107
2012   2   -0.003
2012   3    0.339
2012   4    1.016
2012   5    0.767
2012   6    0.320
2012   7    0.585
2012   8    0.269
2012   9   -0.658
2012  10   -0.396
2012  11   -0.889
2012  12   -0.953
2013   1   -0.643
2013   2   -0.529
2013   3   -0.139
2013   4    0.060
2013   5    0.413
2013   6    0.529
2013   7    0.936
2013   8    1.039
2013   9    0.515
2013  10    0.726
2013  11    0.278
2013  12    0.346
2014   1    0.252
2014   2    0.591
2014   3    0.097
2014   4   -0.143
2014   5   -0.318
2014   6   -0.441
2014   7   -0.220
2014   8   -0.906
2014   9   -1.340
2014  10   -1.451
2014  11   -0.695
2014  12    0.196
2015   1    0.314
2015   2    0.340
2015   3    0.696
2015   4    1.477
2015   5    1.277
2015   6    1.243
2015   7    1.116
2015   8    0.788
2015   9    0.429
2015  10    0.340
2015  11   -1.259
2015  12   -1.114
2016   1   -1.422
2016   2   -1.954
2016   3   -1.313
2016   4   -0.522
2016   5   -0.506
2016   6    0.397
2016   7    1.201
2016   8    1.737
2016   9    2.356
2016  10    2.138
2016  11    1.567
2016  12    0.715
2017   1    0.354
2017   2   -0.364
2017   3   -0.020
2017   4   -0.815
2017   5   -1.255
2017   6   -1.258
2017   7   -1.188
2017   8   -0.475
2017   9   -0.544
2017  10   -0.416
2017  11   -0.336
2017  12   -0.274
2018   1    0.071
2018   2    0.543
2018   3    0.520
2018   4    0.422
2018   5    0.018
2018   6    0.102
2018   7   -0.404
2018   8   -0.147
2018   9   -0.372
2018  10   -1.056
2018  11   -1.075
2018  12   -1.051
2019   1   -0.639
2019   2    0.223
2019   3   -0.338
2019   4    0.005
2019   5    0.367
2019   6    0.885
2019   7    1.043
2019   8    0.633
2019   9    0.180
2019  10   -0.112
2019  11    0.241
2019  12    0.059
2020   1    0.450
2020   2    0.036
2020   3   -0.342
2020   4   -0.762
2020   5   -1.105
2020   6   -1.440
2020   7   -0.998
2020   8   -0.795
2020   9   -1.252
2020  10   -0.553
2020  11   -0.364
2020  12    0.166
2021   1    1.243
2021   2    1.643
2021   3    1.428
2021   4    1.226
2021   5    0.373
2021   6    0.154
2021   7   -0.066
2021   8   -0.917
2021   9   -1.393
2021  10   -1.550
2021  11   -1.646
2021  12   -1.503
2022   1   -1.004
2022   2   -0.469
2022   3   -0.310
2022   4    0.836
2022   5    1.174
2022   6    1.431
2022   7    1.738
2022   8    1.545
2022   9    1.483
2022  10    1.169
2022  11    0.288
2022  12   -0.069
2023   1   -0.903
2023   2   -1.146
2023   3   -1.282
2023   4   -1.425
2023   5   -1.415
2023   6   -1.764
2023   7   -1.431
2023   8   -0.753
2023   9   -0.199
2023  10   -0.147
2023  11    0.782
2023  12    0.769
2024   1    1.574
2024   2    1.840
2024   3    1.393
2024   4    1.768
2024   5    0.899
2024   6    0.708
2024   7    0.555
2024   8   -0.459
2024   9   -0.599
2024  10   -1.107
2024  11   -1.371
2024  12   -1.200
